156
162
162
136
164
182
198
106
150
138
216
129
116
101
200
162
138
128
139
150
172
146
128
230
135
192
120
196
132
140
152
134
122
190
162
164
132
152
115
186
194
134
121
126
107
108
130
160
141
198
204
160
134
106
150
156
131
150
126
178
126
124
113
166
108
155
142
169
212
210
178
128
148
137
144
214
123
140
156
123
126
120
126
128
154
194
132
190
128
138
190
152
224
124
135
124
124
132
109
155
164
160
169
116
166
136
200
147
132
136
107
148
120
163
145
126
125
166
130
116
174
144
164
109
166
106
118
104
188
145
116
106
125
132
160
116
230
164
112
110
162
132
192
214
142
118
172
126
144
97
160
190
152
130
140
138
156
190
108
96
114
124
111
168
139
200
121
184
124
132
146
128
98
164
165
152
130
136
162
93
138
186
148
105
182
135
101
240
136
120
107
162
174
190
164
170
162
154
118
146
118
174
117
126
133
186
137
154
104
172
116
139
103
119
174
176
206
146
128
136
131
204
190
204
127
146
157
126
130
176
166
130
114
121
160
182
138
118
128
108
131
160
180
188
106
170
142
150
168
212
126
104
144
210
133
97
113
132
132
167
156
136
232
186
122
118
112
142
272
156
103
125
196
126
120
198
134
133
158
158
129
130
134
136
170
133
156
168
134
134
162
143
144
206
144
166
122
106
122
122
160
114
140
188
176
164
234
97
110
134
212
125
129
124
152
148
204
108
156
127
166
145
128
228
159
138
172
174
204
105
87
182
156
166
164
166
86
200
162
108
129
150
122
145
142
97
160
156
134
122
170
132
148
170
102
141
178
106
144
156
254
154
109
176
212
124
165
138
200
134
96
116
125
133
115
136
135
115
144
170
107
164
156
136
142
117
174
194
152
178
162
138
132
126
135
118
154
116
140
136
188
139
184
148
166
99
111
184
184
112
140
124
128
158
101
136
138
252
152
138
158
159
133
190
158
152
172
140
124
188
113
102
196
111
131
244
149
136
210
165
120
178
140
142
99
170
146
100
208
121
170
248
116
165
128
124
158
176
120
156
184
106
168
118
178
158
136
165
137
170
184
130
180
128
133
119
196
136
148
158
178
125
190
112
192
121
163
147
174
138
138
182
102
162
153
152
129
158
116
116
174
113
94
148
103
141
146
144
210
126
122
128
192
178
142
156
150
107
133
136
118
142
106
110
164
106
150
190
164
150
120
172
139
166
222
125
96
198
115
160
152
168
154
148
103
134
110
133
162
115
158
132
278
126
154
146
106
146
192
105
128
97
162
122
126
123
136
133
130
144
117
149
132
126
178
224
166
146
152
166
248
146
111
172
216
190
174
111
119
110
168
128
119
160
160
162
104
160
137
128
148
130
156
188
140
144
166
98
128
139
182
142
149
126
122
126
124
156
126
99
118
158
160
103
136
156
101
120
162
164
180
146
172
128
168
156
126
140
194
152
194
214
137
134
117
160
166
138
204
143
111
135
136
168
135
148
164
150
145
190
91
134
132
110
130
115
103
212
152
150
174
158
150
196
169
157
129
139
156
114
106
204
186
100
136
242
138
157
150
142
152
136
158
198
105
114
124
168
168
128
124
162
152
142
136
218
224
140
126
132
126
118
162
140
100
166
122
135
152
144
132
184
122
190
224
136
115
121
168
174
153
127
117
172
156
142
170
170
129
200
164
154
164
126
85
152
102
160
130
138
117
123
124
170
188
176
138
158
164
154
142
156
234
200
148
212
138
160
210
126
184
112
164
136
141
126
164
190
196
110
150
176
248
194
144
180
124
172
107
111
124
138
136
244
206
137
176
126
170
178
114
130
216
134
146
150
150
124
119
248
136
158
164
174
165
111
124
172
106
110
144
124
146
154
106
106
123
222
188
148
120
138
198
124
101
232
158
130
108
198
142
107
126
116
156
98
177
140
134
156
148
163
160
146
120
144
164
146
136
180
192
122
139
168
148
168
152
137
125
147
156
121
172
186
186
136
146
196
142
150
138
153
138
119
116
102
176
208
180
184
144
186
115
105
136
145
140
158
130
116
124
156
117
127
196
144
160
166
226
204
128
120
172
154
168
210
154
128
134
152
121
122
164
124
132
152
164
204
146
136
144
129
142
226
194
160
164
152
150
91
104
178
110
152
164
153
194
166
138
144
163
208
142
140
114
158
139
124
202
143
170
112
164
108
144
141
121
162
176
186
109
123
170
154
122
216
138
132
119
188
128
146
224
114
115
218
170
142
124
138
116
130
132
104
198
122
210
108
164
134
116
149
184
152
170
166
144
124
166
152
154
136
102
137
137
143
132
172
186
132
132
140
128
142
146
132
204
208
135
152
142
124
136
166
126
146
164
163
160
188
198
250
120
128
130
194
230
143
128
97
114
184
184
142
128
170
124
126
148
200
104
133
144
114
131
192
136
182
126
256
163
112
138
116
194
230
134
146
124
144
120
132
128
132
144
125
147
138
150
154
106
140
140
152
144
134
130
146
172
150
126
194
123
164
122
157
126
125
124
144
146
156
166
100
130
176
115
244
178
135
160
117
126
164
144
166
176
148
152
182
133
140
184
199
126
148
136
179
166
146
178
164
148
144
114
167
143
118
162
112
148
108
120
176
154
122
138
136
134
188
118
188
154
138
186
148
128
115
210
141
122
126
148
150
110
116
147
159
114
122
212
148
178
192
140
141
164
146
128
110
132
116
104
170
140
116
154
148
142
138
126
121
143
200
120
188
124
206
168
184
172
150
158
180
124
162
109
146
109
105
138
153
272
107
129
180
142
144
123
124
164
122
202
202
128
121
154
240
150
194
158
119
154
158
170
112
132
150
100
172
115
127
158
140
152
108
125
136
114
258
174
146
132
133
116
136
100
137
182
126
160
116
162
146
109
144
111
157
134
148
180
135
140
134
116
166
160
170
143
120
164
127
188
134
182
146
128
192
176
130
121
204
188
117
110
146
160
178
152
168
232
178
128
115
153
99
119
133
172
152
162
184
176
246
120
144
116
168
183
138
156
128
206
196
109
294
122
222
214
140
146
158
128
156
166
156
164
196
130
140
174
174
174
107
144
134
136
242
170
126
121
128
87
164
148
161
172
158
176
140
130
134
192
122
116
198
190
132
142
130
108
143
140
142
175
101
122
125
156
115
154
124
216
132
124
238
118
146
146
158
151
184
162
142
146
128
96
202
188
142
142
164
140
134
161
124
118
134
140
172
196
122
89
117
100
160
134
149
194
120
168
148
126
119
118
157
142
158
152
142
160
154
134
151
136
120
166
139
144
140
158
139
120
202
136
136
134
124
130
114
123
121
160
142
122
142
224
138
126
128
232
100
119
114
166
146
178
154
130
122
186
121
148
116
114
136
190
165
168
156
143
146
164
104
136
180
128
120
164
104
130
166
170
107
166
165
129
110
146
161
110
122
107
130
274
154
172
141
210
206
127
148
190
176
194
139
178
130
130
144
154
188
147
166
148
115
148
230
148
136
113
129
140
168
206
140
157
166
218
170
140
130
134
130
218
126
110
142
148
114
143
126
178
152
168
226
190
142
134
128
128
109
184
108
138
141
166
100
142
166
154
149
114
161
192
140
143
108
125
190
202
163
139
116
166
132
107
160
108
198
176
128
168
192
168
114
127
166
198
162
112
128
158
158
175
150
150
148
140
204
138
192
135
126
118
158
130
140
128
128
164
137
134
186
144
160
122
218
122
160
124
122
174
228
133
170
136
139
110
166
120
138
98
128
198
186
136
222
190
118
218
132
182
193
146
154
178
149
105
119
141
180
158
142
156
170
188
110
147
107
112
172
125
154
140
196
152
166
204
121
154
126
168
208
148
119
160
202
173
194
202
121
184
138
138
142
210
124
148
128
188
128
148
141
150
136
131
106
111
144
110
114
166
116
136
138
176
158
150
132
134
194
142
119
119
154
150
168
154
208
134
192
162
147
168
174
124
160
122
122
167
172
222
192
174
116
136
126
202
138
138
140
160
150
182
216
144
128
218
95
228
126
138
124
87
134
120
154
120
120
169
192
148
142
138
152
134
150
178
155
174
246
114
141
196
176
112
176
136
111
134
138
120
170
115
150
164
130
180
202
160
212
178
124
152
144
144
154
198
129
113
127
122
107
162
138
224
220
120
170
120
174
170
164
216
172
109
114
144
104
162
224
126
254
146
146
164
174
118
144
198
176
202
112
122
151
122
164
116
150
158
186
90
104
180
176
133
110
118
152
106
164
153
202
158
140
96
104
172
154
154
113
148
160
158
104
155
122
186
190
150
160
146
130
122
134
130
124
198
202
143
238
208
145
185
130
116
100
103
119
188
137
128
176
216
101
138
144
130
143
159
157
102
152
113
92
108
148
145
162
122
206
262
162
142
146
152
174
100
117
166
166
102
148
111
140
145
174
132
135
133
172
146
192
134
166
102
148
188
154
125
100
111
134
176
136
145
115
126
109
131
142
150
214
138
200
169
150
120
238
134
122
158
204
174
119
138
136
198
154
144
174
143
120
176
144
132
184
184
188
126
144
106
136
124
132
134
132
180
126
134
103
166
117
156
186
194
128
190
116
174
140
96
138
148
110
106
133
128
164
126
110
130
120
107
188
150
152
146
158
145
122
158
146
148
132
116
196
120
206
91
109
188
112
158
116
138
184
176
166
170
132
166
98
198
141
152
194
188
126
168
166
206
145
208
140
164
159
164
143
138
167
112
126
103
134
164
157
158
131
122
136
158
133
90
119
124
117
144
114
166
106
184
131
118
112
106
125
144
118
97
210
138
178
188
138
157
206
134
100
146
121
100
158
204
150
141
125
119
160
130
105
206
158
137
117
198
160
134
162
188
176
142
174
126
166
154
176
122
116
185
109
208
174
190
162
152
126
174
122
135
131
158
108
121
146
214
138
107
112
120
242
152
134
126
180
138
166
136
123
238
142
160
172
108
174
152
138
150
132
118
129
134
124
128
156
140
148
120
103
160
184
266
127
122
214
136
216
134
208
154
113
204
180
156
157
128
150
150
123
166
140
190
120
117
216
162
120
232
124
128
214
141
154
162
117
132
119
124
138
156
160
145
130
156
142
118
128
178
135
107
98
144
182
118
256
166
148
190
202
132
134
119
178
140
132
109
114
130
228
113
123
192
140
152
148
204
121
224
102
124
163
136
168
122
86
156
172
214
148
196
160
116
126
107
159
129
174
136
196
106
182
167
158
180
134
137
172
159
222
145
178
116
163
152
122
120
214
106
124
125
115
180
138
134
171
140
216
160
123
170
118
168
162
142
127
126
114
144
124
190
119
134
124
142
194
148
126
144
143
152
103
206
128
126
171
106
158
160
192
108
162
160
95
150
160
100
134
122
160
136
150
136
180
122
140
138
144
120
130
108
145
165
126
154
118
140
190
200
150
150
136
146
99
132
160
106
162
114
112
109
126
170
144
210
153
174
94
174
178
121
152
170
190
138
134
138
106
119
141
206
156
168
117
148
161
144
152
172
130
131
149
98
160
152
138
154
166
104
212
178
156
118
116
180
129
222
101
99
196
175
132
118
155
100
141
214
122
165
154
192
200
123
156
214
138
244
216
182
167
142
134
128
120
138
129
127
102
176
220
147
188
124
196
185
168
162
156
130
170
139
110
120
156
148
160
156
136
109
107
166
129
136
184
106
117
174
142
168
149
122
130
204
113
178
118
129
160
144
142
142
150
182
134
176
128
133
131
132
170
119
126
120
113
117
113
118
110
135
146
144
138
125
124
114
178
224
115
180
158
144
125
200
137
204
194
118
122
138
180
158
154
162
144
